world: world
x: 199.89641973965036
y: 78.0
z: 162.60810078360723
yaw: 89.548546
pitch: 6.4499373
name: Azeroth
