world: world
x: 782.6118036711802
y: 69.0
z: 544.3201403664863
yaw: -180.60083
pitch: 0.45000097
name: Citadel
