world: world
x: -110.4543822206906
y: 69.0
z: -1767.4578431561124
yaw: -89.85248
pitch: 4.4999833
name: Danube
