world: world
x: 1.427765785915065
y: 71.0
z: -3190.976282478082
yaw: -107.70139
pitch: 4.3499837
name: Redding
