spawns: 
  default: 
    world: world
    x: 223.57897800921216
    y: 84.0
    z: 180.23405941456704
    yaw: -181.35168
    pitch: 0.7499562
  newbies: 
    world: world
    x: 199.31045420131494
    y: 78.0
    z: 179.21190612917385
    yaw: -109.201416
    pitch: 7.0499434
