lastAccountName: User1
timestamps:
  login: 1436730347076
  logout: 1436730368529
ipAddress: 50.106.216.194
lastlocation:
  world: world
  x: 216.5
  y: 107.0
  z: 180.5
  yaw: 0.0
  pitch: 0.0
logoutlocation:
  world: world
  x: 208.07543955751754
  y: 84.0
  z: 177.69918467293107
  yaw: 260.84854
  pitch: 13.799944
mail:
- §6[§rbuckshot22§6] §rWe will be working on building a dungeon together sometime soon! Custom bosses & loot!
