lastAccountName: ZexyZek__
timestamps:
  login: 1436863865830
  logout: 1436863887266
ipAddress: 92.96.67.198
lastlocation:
  world: world
  x: 232.5
  y: 103.0
  z: 183.5
  yaw: 0.0
  pitch: 0.0
logoutlocation:
  world: world
  x: 194.85723905328757
  y: 72.0
  z: 144.24039440078874
  yaw: 40.34914
  pitch: 25.499937
mail:
- §6[§rbuckshot22§6] §rWe will be working on building a dungeon together sometime soon! Custom bosses & loot!
