lastAccountName: RiviaOfGeralt
timestamps:
  login: 1436748389227
  logout: 1436748391794
ipAddress: 108.18.248.190
lastlocation:
  world: world
  x: 215.5
  y: 102.0
  z: 177.5
  yaw: 0.0
  pitch: 0.0
logoutlocation:
  world: world
  x: 168.3492015005474
  y: 72.0
  z: 134.21962664860692
  yaw: 131.3985
  pitch: 11.100137
mail:
- §6[§rbuckshot22§6] §rWe will be working on building a dungeon together sometime soon! Custom bosses & loot!
