lastAccountName: avapancake
timestamps:
  login: 1436800160345
  logout: 1436800165441
ipAddress: 109.145.156.28
lastlocation:
  world: world
  x: 222.5
  y: 91.0
  z: 171.5
  yaw: 0.0
  pitch: 0.0
logoutlocation:
  world: world
  x: -4.027685084186712
  y: 59.0
  z: 15.682668629154914
  yaw: 320.36475
  pitch: 20.699982
mail:
- §6[§rbuckshot22§6] §rWe will be working on building a dungeon together sometime soon! Custom bosses & loot!
