lastAccountName: MajorHassle
timestamps:
  login: 1436750336847
  lastteleport: 1436750539346
  logout: 1436750584300
ipAddress: 67.253.102.35
lastlocation:
  world: world
  x: 91.34078880348561
  y: 63.0
  z: 215.3415356848469
  yaw: -64.403046
  pitch: -7.2241483
logoutlocation:
  world: world
  x: 918.2796994943641
  y: 70.0
  z: -464.11254834050885
  yaw: 258.00153
  pitch: 15.391744
mail:
- §6[§rbuckshot22§6] §rWe will be working on building a dungeon together sometime soon! Custom bosses & loot!
