lastAccountName: Adubzzz
timestamps:
  login: 1436723144993
  logout: 1436723161064
ipAddress: 24.108.4.34
lastlocation:
  world: world
  x: 228.5
  y: 97.0
  z: 186.5
  yaw: 0.0
  pitch: 0.0
logoutlocation:
  world: world
  x: 202.6500773157148
  y: 78.0
  z: 177.59281774795247
  yaw: -92.85159
  pitch: 15.449953
mail:
- §6[§rbuckshot22§6] §rWe will be working on building a dungeon together sometime soon! Custom bosses & loot!
