lastAccountName: RedDragonPvP_
timestamps:
  login: 1436718091058
  logout: 1436718401571
ipAddress: 81.165.235.182
lastlocation:
  world: world
  x: 226.5
  y: 89.0
  z: 174.5
  yaw: 0.0
  pitch: 0.0
logoutlocation:
  world: world
  x: 189.58829968342897
  y: 72.0
  z: 173.2527553898681
  yaw: 109.76829
  pitch: 4.6573176
mail:
- §6[§rbuckshot22§6] §rWe will be working on building a dungeon together sometime soon! Custom bosses & loot!
