lastAccountName: Vegas_Boy22
timestamps:
  login: 1436734279435
  logout: 1436734674662
ipAddress: 98.237.4.251
lastlocation:
  world: world
  x: 225.5
  y: 91.0
  z: 171.5
  yaw: 0.0
  pitch: 0.0
logoutlocation:
  world: world
  x: 151.96559840527678
  y: 70.0
  z: 175.0256642414802
  yaw: -14.583722
  pitch: 28.553942
mail:
- §6[§rbuckshot22§6] §rWe will be working on building a dungeon together sometime soon! Custom bosses & loot!
