lastAccountName: Magnusa1983DK
timestamps:
  login: 1436723076441
  logout: 1436723203842
ipAddress: 178.157.248.218
lastlocation:
  world: world
  x: 218.5
  y: 75.0
  z: 188.5
  yaw: 0.0
  pitch: 0.0
logoutlocation:
  world: world
  x: 266.13156247935285
  y: 75.0
  z: 65.61360659077604
  yaw: 96.74664
  pitch: 6.149961
mail:
- §6[§rbuckshot22§6] §rWe will be working on building a dungeon together sometime soon! Custom bosses & loot!
