lastAccountName: Schillernde
timestamps:
  login: 1436741184747
  logout: 1436741321946
ipAddress: 76.125.203.98
lastlocation:
  world: world
  x: 213.5
  y: 76.0
  z: 188.5
  yaw: 0.0
  pitch: 0.0
logoutlocation:
  world: world
  x: 228.25125935281065
  y: 84.0
  z: 165.0854882033404
  yaw: 131.24857
  pitch: 60.749947
mail:
- §6[§rbuckshot22§6] §rWe will be working on building a dungeon together sometime soon! Custom bosses & loot!
