lastAccountName: LiterallyIssac
timestamps:
  login: 1436714788556
  lastteleport: 1436714863052
  logout: 1436714874472
ipAddress: 58.164.238.110
lastlocation:
  world: world
  x: 199.64423173614932
  y: 78.0
  z: 176.71950813707394
  yaw: 182.84862
  pitch: 44.399944
afk: false
logoutlocation:
  world: world
  x: 223.5
  y: 84.0
  z: 180.5
  yaw: -181.35168
  pitch: 0.7499562
mail:
- §6[§rbuckshot22§6] §rWe will be working on building a dungeon together sometime soon! Custom bosses & loot!
