lastAccountName: victor09casper
timestamps:
  login: 1436898503481
  logout: 1436899094599
ipAddress: 5.103.107.33
lastlocation:
  world: world
  x: 283.0243698902649
  y: 64.6537296175886
  z: 292.9415028387358
  yaw: 25.798431
  pitch: 60.599895
logoutlocation:
  world: world
  x: 184.97748151173522
  y: 76.0
  z: 182.8002368925184
  yaw: 89.24921
  pitch: 34.65005
mail:
- §6[§rbuckshot22§6] §rWe will be working on building a dungeon together sometime soon! Custom bosses & loot!
