lastAccountName: kingleo5000
timestamps:
  login: 1436715015742
  logout: 1436715041797
ipAddress: 90.195.121.77
lastlocation:
  world: world
  x: 202.12324063550108
  y: 78.4807108763317
  z: 182.19179911283157
  yaw: -57.451416
  pitch: 31.949944
logoutlocation:
  world: world
  x: 206.05758916872446
  y: 78.41999998688698
  z: 182.62785103303472
  yaw: -92.40143
  pitch: 31.199945
mail:
- §6[§rbuckshot22§6] §rWe will be working on building a dungeon together sometime soon! Custom bosses & loot!
