lastAccountName: IceCoolCanadian
timestamps:
  login: 1436747609956
  logout: 1436747741464
ipAddress: 216.232.162.18
lastlocation:
  world: world
  x: 221.5
  y: 97.0
  z: 178.5
  yaw: 0.0
  pitch: 0.0
logoutlocation:
  world: world
  x: 154.77782564141663
  y: 71.0
  z: 164.0589536658787
  yaw: 34.34902
  pitch: 13.8
mail:
- §6[§rbuckshot22§6] §rWe will be working on building a dungeon together sometime soon! Custom bosses & loot!
