lastAccountName: little_EK
timestamps:
  login: 1436747226642
  logout: 1436747381005
ipAddress: 74.123.18.235
lastlocation:
  world: world
  x: 215.5
  y: 103.0
  z: 184.5
  yaw: 0.0
  pitch: 0.0
logoutlocation:
  world: world
  x: 186.52621579839902
  y: 72.0
  z: 139.14354448754858
  yaw: 38.998997
  pitch: 90.0
mail:
- §6[§rbuckshot22§6] §rWe will be working on building a dungeon together sometime soon! Custom bosses & loot!
