lastAccountName: CraftingKnight47
timestamps:
  login: 1437005628763
  lastteleport: 1437006293990
  logout: 1437006539859
ipAddress: 73.35.252.224
lastlocation:
  world: world
  x: 694.4193299533971
  y: 23.0
  z: -265.6472248819867
  yaw: 211.33258
  pitch: 18.135763
afk: false
homes:
  home:
    world: world
    x: 691.6923659568254
    y: 24.0
    z: -266.6157922077985
    yaw: -118.20776
    pitch: -19.57708
logoutlocation:
  world: world
  x: 166.62247006005862
  y: 72.5
  z: 198.33755816514892
  yaw: -185.54706
  pitch: 9.800167
mail:
- §6[§rbuckshot22§6] §rWe will be working on building a dungeon together sometime soon! Custom bosses & loot!
