lastAccountName: baseballtripp
timestamps:
  login: 1436928555591
  logout: 1436928665799
ipAddress: 98.83.181.84
lastlocation:
  world: world
  x: 227.5
  y: 102.0
  z: 179.5
  yaw: 0.0
  pitch: 0.0
logoutlocation:
  world: world
  x: 204.69999998807907
  y: 78.0
  z: 178.00552682107494
  yaw: 241.94832
  pitch: 9.900008
