lastAccountName: KamoKiller
timestamps:
  login: 1436744986271
  logout: 1436745045227
ipAddress: 64.188.192.158
lastlocation:
  world: world
  x: 215.5
  y: 89.0
  z: 173.5
  yaw: 0.0
  pitch: 0.0
logoutlocation:
  world: world
  x: 199.65077887042565
  y: 78.0
  z: 177.07215194988925
  yaw: 91.86102
  pitch: 10.126631
mail:
- §6[§rbuckshot22§6] §rWe will be working on building a dungeon together sometime soon! Custom bosses & loot!
