lastAccountName: _Spion
timestamps:
  login: 1436741990704
  logout: 1436742023140
ipAddress: 212.251.143.29
lastlocation:
  world: world
  x: 225.5
  y: 85.0
  z: 188.5
  yaw: 0.0
  pitch: 0.0
logoutlocation:
  world: world
  x: 205.7060440918309
  y: 78.0
  z: 177.48401910442726
  yaw: 81.448616
  pitch: 24.749954
mail:
- §6[§rbuckshot22§6] §rWe will be working on building a dungeon together sometime soon! Custom bosses & loot!
