lastAccountName: FGoldie
timestamps:
  login: 1436723659359
ipAddress: 5.103.107.33
lastlocation:
  world: world
  x: 219.6439035934855
  y: 80.39910776224664
  z: 156.85300616359038
  yaw: 137.24808
  pitch: 16.949959
logoutlocation:
  world: world
  x: 194.0823414714034
  y: 75.5
  z: 162.22925573637667
  yaw: 195.59863
  pitch: 2.7001088
mail:
- §6[§rbuckshot22§6] §rWe will be working on building a dungeon together sometime soon! Custom bosses & loot!
