lastAccountName: minetube_3000
timestamps:
  login: 1436718537470
  logout: 1436718552420
ipAddress: 79.212.33.140
lastlocation:
  world: world
  x: 225.5
  y: 90.0
  z: 173.5
  yaw: 0.0
  pitch: 0.0
logoutlocation:
  world: world
  x: 208.5246767305717
  y: 78.0
  z: 176.25528947353348
  yaw: 257.99
  pitch: 16.92885
mail:
- §6[§rbuckshot22§6] §rWe will be working on building a dungeon together sometime soon! Custom bosses & loot!
