lastAccountName: buckyv
timestamps:
  login: 1436881141516
  logout: 1436881308650
ipAddress: 108.199.132.180
lastlocation:
  world: world
  x: 224.5
  y: 78.0
  z: 187.5
  yaw: 0.0
  pitch: 0.0
logoutlocation:
  world: world
  x: 221.30000001192093
  y: 84.0
  z: 167.22509949871315
  yaw: 279.74768
  pitch: 2.6999342
