lastAccountName: shaferx
timestamps:
  login: 1437089668981
  lastteleport: 1437083014506
  logout: 1437089791686
ipAddress: 73.163.141.165
lastlocation:
  world: world
  x: -236.86784249626515
  y: 12.0
  z: 206.4305806796946
  yaw: 3.5607762
  pitch: 11.922956
homes:
  home:
    world: world
    x: 877.6920956395118
    y: 69.0
    z: -501.7839901900969
    yaw: -263.45233
    pitch: 29.484901
logoutlocation:
  world: world
  x: -219.0634506392594
  y: 63.0
  z: 13.230839179777396
  yaw: -70.976746
  pitch: 22.079212
afk: false
mail:
- §6[§rbuckshot22§6] §rWe will be working on building a dungeon together sometime soon! Custom bosses & loot!
