lastAccountName: Thraxx_xX
timestamps:
  login: 1436752778990
  logout: 1436753345099
  lastteleport: 1436753222026
ipAddress: 50.44.104.60
lastlocation:
  world: world
  x: 200.14347875818726
  y: 78.0
  z: 162.66389921656358
  yaw: 91.34848
  pitch: 20.699947
logoutlocation:
  world: world
  x: 770.4383774839082
  y: 76.0
  z: 563.0129436725147
  yaw: 72.89927
  pitch: 20.699905
mail:
- §6[§rbuckshot22§6] §rWe will be working on building a dungeon together sometime soon! Custom bosses & loot!
