lastAccountName: fisherman77
timestamps:
  login: 1436658029083
  logout: 1436658153058
ipAddress: 10.0.1.13
lastlocation:
  world: world
  x: 222.5
  y: 77.0
  z: 185.5
  yaw: 0.0
  pitch: 0.0
logoutlocation:
  world: world
  x: 182.60644172489035
  y: 72.0
  z: 146.0295906981737
  yaw: -45.901363
  pitch: -3.750044
mail:
- §6[§rbuckshot22§6] §rWe will be working on building a dungeon together sometime soon! Custom bosses & loot!
