lastAccountName: lemanjb
timestamps:
  login: 1437067014808
  lastteleport: 1437074042147
  logout: 1437074305508
ipAddress: 31.50.69.246
lastlocation:
  world: world
  x: -32.38767369146292
  y: 63.0
  z: -3057.893055357207
  yaw: 88.107155
  pitch: 45.39776
homes:
  home:
    world: world
    x: 563.1799748010594
    y: 71.0
    z: -2332.596176257434
    yaw: 284.4966
    pitch: 31.143106
afk: false
logoutlocation:
  world: world
  x: 566.921795899116
  y: 71.0
  z: -2336.470394317867
  yaw: -2.3304749
  pitch: 27.939678
mail:
- §6[§rbuckshot22§6] §rWe will be working on building a dungeon together sometime soon! Custom bosses & loot!
