lastAccountName: Jbug112
timestamps:
  login: 1436896649121
  lastteleport: 1436896834656
  logout: 1436896924005
ipAddress: 71.91.46.113
lastlocation:
  world: world
  x: 148.17921096377222
  y: 70.0
  z: 185.34916145051372
  yaw: 357.76505
  pitch: 7.7845616
logoutlocation:
  world: world
  x: 204.0508626377027
  y: 72.0
  z: 195.3048440837037
  yaw: -219.23218
  pitch: 11.837082
