lastAccountName: stoffen2
timestamps:
  login: 1436718299381
  logout: 1436719067705
  lastteleport: 1436718954639
ipAddress: 176.10.249.9
lastlocation:
  world: world
  x: 196.6508159609456
  y: 72.0
  z: 185.61591821936878
  yaw: 178.04108
  pitch: -24.073545
logoutlocation:
  world: world
  x: 221.77607912991968
  y: 84.0
  z: 171.24707291250277
  yaw: 20.886715
  pitch: -6.5510693
mail:
- §6[§rbuckshot22§6] §rWe will be working on building a dungeon together sometime soon! Custom bosses & loot!
