lastAccountName: CloverTheClever_
timestamps:
  login: 1436722918795
  logout: 1436723088128
ipAddress: 97.85.32.164
lastlocation:
  world: world
  x: 232.5
  y: 97.0
  z: 187.5
  yaw: 0.0
  pitch: 0.0
logoutlocation:
  world: world
  x: 168.36280767453385
  y: 72.0
  z: 162.90815273370126
  yaw: -249.6034
  pitch: 4.199737
mail:
- §6[§rbuckshot22§6] §rWe will be working on building a dungeon together sometime soon! Custom bosses & loot!
