lastAccountName: sarinachem
timestamps:
  login: 1436852401298
  logout: 1436852740948
ipAddress: 24.245.9.52
lastlocation:
  world: world
  x: 133.1230465326333
  y: 77.0
  z: -13.076429413891496
  yaw: 223.11621
  pitch: 10.8932085
logoutlocation:
  world: world
  x: -161.7982855822111
  y: 79.0
  z: -758.5340371384234
  yaw: 216.52716
  pitch: 1.526592
