lastAccountName: nickdick1396
timestamps:
  login: 1436727027362
  logout: 1436727070252
ipAddress: 101.191.181.16
lastlocation:
  world: world
  x: 221.5
  y: 90.0
  z: 172.5
  yaw: 0.0
  pitch: 0.0
logoutlocation:
  world: world
  x: 224.59189781746326
  y: 84.0
  z: 166.3938350011155
  yaw: 85.948586
  pitch: 17.549934
mail:
- §6[§rbuckshot22§6] §rWe will be working on building a dungeon together sometime soon! Custom bosses & loot!
