lastAccountName: Sam0418
timestamps:
  login: 1436739494572
  lastteleport: 1436741637248
  logout: 1436741819481
ipAddress: 99.26.129.190
lastlocation:
  world: world
  x: 870.140420368916
  y: 69.0
  z: -493.6733504013325
  yaw: -308.89697
  pitch: -0.29991636
logoutlocation:
  world: world
  x: 207.3550968261336
  y: 84.0
  z: 178.8760564155553
  yaw: 102.14836
  pitch: 5.9999557
homes:
  home:
    world: world
    x: 886.4321012063601
    y: 69.0
    z: -503.42288960021835
    yaw: -4.996277
    pitch: 11.742335
mail:
- §6[§rbuckshot22§6] §rWe will be working on building a dungeon together sometime soon! Custom bosses & loot!
