lastAccountName: ToffeTheMaster
timestamps:
  login: 1436714883318
  lastteleport: 1436715247054
  logout: 1436715355182
ipAddress: 80.217.164.234
lastlocation:
  world: world
  x: 204.69999998807907
  y: 78.0
  z: 177.9554133939123
  yaw: -99.00104
  pitch: 14.249951
logoutlocation:
  world: world
  x: 221.88560673425275
  y: 84.875
  z: 163.49055249389082
  yaw: -332.40182
  pitch: 37.049942
mail:
- §6[§rbuckshot22§6] §rWe will be working on building a dungeon together sometime soon! Custom bosses & loot!
