lastAccountName: Asgardiaan
timestamps:
  login: 1436721550685
  logout: 1436721742574
ipAddress: 80.194.235.38
lastlocation:
  world: world
  x: 219.5
  y: 75.0
  z: 188.5
  yaw: 0.0
  pitch: 0.0
logoutlocation:
  world: world
  x: 282.8771283337655
  y: 79.0
  z: -33.61199493576306
  yaw: 240.44936
  pitch: 11.399997
mail:
- §6[§rbuckshot22§6] §rWe will be working on building a dungeon together sometime soon! Custom bosses & loot!
