lastAccountName: vanko2011
timestamps:
  login: 1436716933705
  logout: 1436717160329
ipAddress: 173.177.202.139
lastlocation:
  world: world
  x: 229.5
  y: 102.0
  z: 185.5
  yaw: 0.0
  pitch: 0.0
logoutlocation:
  world: world
  x: 205.80801257102317
  y: 70.0
  z: 143.55470217200514
  yaw: -281.70023
  pitch: 21.749998
mail:
- §6[§rbuckshot22§6] §rWe will be working on building a dungeon together sometime soon! Custom bosses & loot!
