lastAccountName: ShowbizLocket61
timestamps:
  login: 1436753629768
  logout: 1436753687254
ipAddress: 50.152.240.72
lastlocation:
  world: world
  x: 213.5
  y: 97.0
  z: 185.5
  yaw: 0.0
  pitch: 0.0
logoutlocation:
  world: world
  x: 208.855294405013
  y: 83.5
  z: 178.78913729251633
  yaw: 108.44867
  pitch: -0.45007867
mail:
- §6[§rbuckshot22§6] §rWe will be working on building a dungeon together sometime soon! Custom bosses & loot!
