lastAccountName: Ryle_Playz
timestamps:
  login: 1436892912512
  logout: 1436893446523
ipAddress: 73.18.109.120
lastlocation:
  world: world
  x: 232.5
  y: 78.0
  z: 171.5
  yaw: 0.0
  pitch: 0.0
logoutlocation:
  world: world
  x: 198.92500001192093
  y: 78.0
  z: 180.07499998807907
  yaw: -286.95703
  pitch: -5.1679363
