lastAccountName: PvtVikk
timestamps:
  login: 1436918175347
  lastteleport: 1436918353649
  logout: 1436918415403
ipAddress: 32.215.120.60
lastlocation:
  world: world
  x: 223.91736266749595
  y: 84.0
  z: 176.59144353030456
  yaw: 176.69827
  pitch: -11.55004
logoutlocation:
  world: world
  x: 825.5393524931818
  y: 61.237856283468346
  z: -427.13954633264717
  yaw: 227.42938
  pitch: -7.6499996
