lastAccountName: bod169
timestamps:
  login: 1436714547015
  lastteleport: 1436714989366
  logout: 1436715413258
ipAddress: 86.132.230.132
lastlocation:
  world: world
  x: 172.94854571506542
  y: 72.0
  z: 163.88629828196494
  yaw: 182.99826
  pitch: 3.749956
homes:
  home:
    world: world
    x: 525.4429379602976
    y: 54.0
    z: 42.4523629645382
    yaw: -283.50235
    pitch: 54.75003
logoutlocation:
  world: world
  x: 521.3000000119209
  y: 23.0
  z: 46.60496431556856
  yaw: 332.8474
  pitch: 88.799995
mail:
- §6[§rbuckshot22§6] §rWe will be working on building a dungeon together sometime soon! Custom bosses & loot!
