lastAccountName: Anonymous__Gamer
timestamps:
  login: 1436854218784
  lastteleport: 1436854470795
  logout: 1436854581194
ipAddress: 159.0.117.118
lastlocation:
  world: world
  x: 155.8828585809183
  y: 70.0
  z: 199.92500001192093
  yaw: 272.24585
  pitch: 49.49996
logoutlocation:
  world: world
  x: 176.83223569759247
  y: 72.0
  z: 136.7663507396852
  yaw: 110.848335
  pitch: 28.799997
