lastAccountName: ComputerReports
timestamps:
  login: 1436714946606
  logout: 1436715428396
ipAddress: 37.123.173.164
lastlocation:
  world: world
  x: 207.39895104124818
  y: 78.0
  z: 182.16602341954146
  yaw: 93.29861
  pitch: 11.999984
logoutlocation:
  world: world
  x: 212.25208888339452
  y: 84.0
  z: 173.85844401914335
  yaw: -183.90802
  pitch: 16.799997
mail:
- §6[§rbuckshot22§6] §rWe will be working on building a dungeon together sometime soon! Custom bosses & loot!
