lastAccountName: phantasm316
timestamps:
  login: 1436714569926
  logout: 1436714844057
ipAddress: 74.103.125.252
lastlocation:
  world: world
  x: 213.5
  y: 90.0
  z: 172.5
  yaw: 0.0
  pitch: 0.0
logoutlocation:
  world: world
  x: 219.30000001192093
  y: 84.0
  z: 173.13749998807907
  yaw: 108.44813
  pitch: 20.69999
mail:
- §6[§rbuckshot22§6] §rWe will be working on building a dungeon together sometime soon! Custom bosses & loot!
