lastAccountName: trollerlol100
timestamps:
  login: 1436738845712
  logout: 1436738846163
ipAddress: 217.46.67.17
lastlocation:
  world: world
  x: 226.5
  y: 97.0
  z: 185.5
  yaw: 0.0
  pitch: 0.0
logoutlocation:
  world: world
  x: 135.29955379930465
  y: 67.0
  z: 169.2655528225304
  yaw: 117.44885
  pitch: 36.90002
mail:
- §6[§rbuckshot22§6] §rWe will be working on building a dungeon together sometime soon! Custom bosses & loot!
