lastAccountName: RAZONMAN
timestamps:
  login: 1436728394778
  logout: 1436728622274
ipAddress: 75.17.127.164
lastlocation:
  world: world
  x: 215.5
  y: 107.0
  z: 181.5
  yaw: 0.0
  pitch: 0.0
logoutlocation:
  world: world
  x: 48.69999998807907
  y: 65.0
  z: 75.25122090867397
  yaw: 8.998804
  pitch: 7.049978
mail:
- §6[§rbuckshot22§6] §rWe will be working on building a dungeon together sometime soon! Custom bosses & loot!
