lastAccountName: treaclemorley
timestamps:
  login: 1436970685322
  logout: 1436970774428
ipAddress: 188.221.248.135
lastlocation:
  world: world
  x: 216.5
  y: 98.0
  z: 176.5
  yaw: 0.0
  pitch: 0.0
logoutlocation:
  world: world
  x: 199.5
  y: 78.0
  z: 179.5
  yaw: -49.651417
  pitch: 9.4499445
