lastAccountName: adesbans
timestamps:
  login: 1436717955903
  logout: 1436718057054
ipAddress: 45.50.120.202
lastlocation:
  world: world
  x: 221.5
  y: 97.0
  z: 178.5
  yaw: 0.0
  pitch: 0.0
logoutlocation:
  world: world
  x: 208.02260201064513
  y: 84.0
  z: 160.21462449160515
  yaw: 140.69894
  pitch: 9.449926
mail:
- §6[§rbuckshot22§6] §rWe will be working on building a dungeon together sometime soon! Custom bosses & loot!
