lastAccountName: nellienellie27
timestamps:
  login: 1436808390241
  logout: 1436809560777
ipAddress: 92.17.145.233
lastlocation:
  world: world
  x: 229.5
  y: 91.0
  z: 171.5
  yaw: 0.0
  pitch: 0.0
logoutlocation:
  world: world
  x: 332.8396849755845
  y: 27.0
  z: -103.64899066364994
  yaw: 229.80371
  pitch: 9.300021
mail:
- §6[§rbuckshot22§6] §rWe will be working on building a dungeon together sometime soon! Custom bosses & loot!
