lastAccountName: buckshot22
timestamps:
  login: 1437094387220
  logout: 1437094385819
  lastteleport: 1437092967660
ipAddress: 10.0.1.13
lastlocation:
  world: world
  x: -259.1139358833903
  y: 16.0
  z: 12.300000011920929
  yaw: 83.43685
  pitch: 7.049823
logoutlocation:
  world: world
  x: -229.6599700648631
  y: 63.0
  z: 22.536820043964376
  yaw: 223.64087
  pitch: 9.899999
afk: false
homes:
  home:
    world: world
    x: 878.9468203315589
    y: 69.0
    z: -490.3430916781053
    yaw: 268.52185
    pitch: 8.699995
mail:
- §6[§rlemanjb§6] §rHey buck, lemanjb here. I will be free to do building etc. from Friday night.
